Number of nodes 22
     0 : 0.0000 0.0000 0.0000
     1 : 5000.0 0.0000 0.0000   
     2 : 0.0000 5000.0 0.0000
     3 : 5000.0 5000.0 0.0000
     4 : 52.400 52.400 1000.0
     5 : 4947.4 52.400 1000.0
     6 : 52.400 4947.4 1000.0
     7 : 4947.4 4947.4 1000.0
     8 : 471.70 471.70 9000.0
     9 : 4529.3 471.70 9000.0
    10 : 471.70 4529.3 9000.0
    11 : 4529.3 4529.3 9000.0
    12 : 890.90 890.90 17000
    13 : 4109.0 890.90 17000
    14 : 890.90 4109.0 17000
    15 : 4109.0 4109.0 17000
    16 : 1310.1 1310.1 25000
    17 : 3689.8 1310.1 25000
    18 : 1310.1 3689.8 25000
    19 : 3689.8 3689.8 25000
    20 : 2500.0 2500.0 25000
    21 : 2500.0 2500.0 80000
Number of elements : 
     0 :  0   4
     1 :  1   5
     2 :  2   6
     3 :  3   7
     4 :  4   5
     5 :  4   6
     6 :  6   7
     7 :  7   5
     8 :  4   8
     9 :  5   9
    10 :  6  10
    11 :  7  11
    12 :  8   9
    13 :  8  10
    14 : 10  11
    15 : 11   9
    16 :  4   9
    17 :  5   8
    18 :  4  10
    19 :  6   8
    20 :  6  11
    21 :  7  10
    22 :  7   9
    23 :  5  11
    24 :  8  12
    25 :  9  13
    26 : 10  14
    27 : 11  15
    28 : 12  13
    29 : 12  14
    30 : 14  15
    31 : 15  13
    32 :  8  13
    33 :  9  12
    34 :  8  14
    35 : 10  12 
    36 : 10  15
    37 : 11  14
    38 : 11  13
    39 :  9  15
    40 : 12  16
    41 : 13  17
    42 : 14  18 
    43 : 15  19
    44 : 16  17
    45 : 16  18
    46 : 18  19 
    47 : 19  17
    48 : 12  17
    49 : 13  16
    50 : 12  18
    51 : 14  16
    52 : 14  19
    53 : 15  18
    54 : 15  17
    55 : 13  19
    56 : 16  20
    57 : 17  20
    58 : 18  20
    59 : 19  20
    60 : 20 21






