Number of nodes 83 :
	0 : 0.0 0.0 0.0
	1 : 5000.0 0.0 0.0
	2 : 0.0 5000.0 0.0
	3 : 5000.0 5000.0 0.0
	4 : 52.4 52.4 1000.0
	5 : 4947.4 52.4 1000.0
	6 : 52.4 4947.4 1000.0
	7 : 4947.4 4947.4 1000.0
	8 : 471.7 471.7 9000.0
	9 : 4529.3 471.7 9000.0
	10 : 471.7 4529.3 9000.0
	11 : 4529.3 4529.3 9000.0
	12 : 890.9 890.9 17000.0
	13 : 4109.0 890.9 17000.0
	14 : 890.9 4109.0 17000.0
	15 : 4109.0 4109.0 17000.0
	16 : 1310.1 1310.1 25000.0
	17 : 3689.8 1310.1 25000.0
	18 : 1310.1 3689.8 25000.0
	19 : 3689.8 3689.8 25000.0
	20 : 2500.0 2500.0 25000.0
	21 : 2500.0 2500.0 80000.0
	22 : 26.2 26.2 500.0
	23 : 4973.7 26.2 500.0
	24 : 26.2 4973.7 500.0
	25 : 4973.7 4973.7 500.0
	26 : 2499.8999999999996 52.4 1000.0
	27 : 52.4 2499.8999999999996 1000.0
	28 : 2499.8999999999996 4947.4 1000.0
	29 : 4947.4 2499.8999999999996 1000.0
	30 : 262.05 262.05 5000.0
	31 : 4738.35 262.05 5000.0
	32 : 262.05 4738.35 5000.0
	33 : 4738.35 4738.35 5000.0
	34 : 2500.5 471.7 9000.0
	35 : 471.7 2500.5 9000.0
	36 : 2500.5 4529.3 9000.0
	37 : 4529.3 2500.5 9000.0
	38 : 2290.85 262.05 5000.0
	39 : 2709.5499999999997 262.05 5000.0
	40 : 262.05 2290.85 5000.0
	41 : 262.05 2709.5499999999997 5000.0
	42 : 2290.85 4738.35 5000.0
	43 : 2709.5499999999997 4738.35 5000.0
	44 : 4738.35 2709.5499999999997 5000.0
	45 : 4738.35 2290.85 5000.0
	46 : 681.3 681.3 13000.0
	47 : 4319.15 681.3 13000.0
	48 : 681.3 4319.15 13000.0
	49 : 4319.15 4319.15 13000.0
	50 : 2499.95 890.9 17000.0
	51 : 890.9 2499.95 17000.0
	52 : 2499.95 4109.0 17000.0
	53 : 4109.0 2499.95 17000.0
	54 : 2290.35 681.3 13000.0
	55 : 2710.1 681.3 13000.0
	56 : 681.3 2290.35 13000.0
	57 : 681.3 2710.1 13000.0
	58 : 2290.35 4319.15 13000.0
	59 : 2710.1 4319.15 13000.0
	60 : 4319.15 2710.1 13000.0
	61 : 4319.15 2290.35 13000.0
	62 : 1100.5 1100.5 21000.0
	63 : 3899.4 1100.5 21000.0
	64 : 1100.5 3899.4 21000.0
	65 : 3899.4 3899.4 21000.0
	66 : 2499.95 1310.1 25000.0
	67 : 1310.1 2499.95 25000.0
	68 : 2499.95 3689.8 25000.0
	69 : 3689.8 2499.95 25000.0
	70 : 2290.35 1100.5 21000.0
	71 : 2709.55 1100.5 21000.0
	72 : 1100.5 2290.35 21000.0
	73 : 1100.5 2709.55 21000.0
	74 : 2290.35 3899.4 21000.0
	75 : 2709.55 3899.4 21000.0
	76 : 3899.4 2709.55 21000.0
	77 : 3899.4 2290.35 21000.0
	78 : 1905.05 1905.05 25000.0
	79 : 3094.9 1905.05 25000.0
	80 : 1905.05 3094.9 25000.0
	81 : 3094.9 3094.9 25000.0
	82 : 2500.0 2500.0 52500.0
Number of elements :
	0 : 0 22
	1 : 22 4
	2 : 1 23
	3 : 23 5
	4 : 2 24
	5 : 24 6
	6 : 3 25
	7 : 25 7
	8 : 4 26
	9 : 26 5
	10 : 4 27
	11 : 27 6
	12 : 6 28
	13 : 28 7
	14 : 7 29
	15 : 29 5
	16 : 4 30
	17 : 30 8
	18 : 5 31
	19 : 31 9
	20 : 6 32
	21 : 32 10
	22 : 7 33
	23 : 33 11
	24 : 8 34
	25 : 34 9
	26 : 8 35
	27 : 35 10
	28 : 10 36
	29 : 36 11
	30 : 11 37
	31 : 37 9
	32 : 4 38
	33 : 38 9
	34 : 5 39
	35 : 39 8
	36 : 4 40
	37 : 40 10
	38 : 6 41
	39 : 41 8
	40 : 6 42
	41 : 42 11
	42 : 7 43
	43 : 43 10
	44 : 7 44
	45 : 44 9
	46 : 5 45
	47 : 45 11
	48 : 8 46
	49 : 46 12
	50 : 9 47
	51 : 47 13
	52 : 10 48
	53 : 48 14
	54 : 11 49
	55 : 49 15
	56 : 12 50
	57 : 50 13
	58 : 12 51
	59 : 51 14
	60 : 14 52
	61 : 52 15
	62 : 15 53
	63 : 53 13
	64 : 8 54
	65 : 54 13
	66 : 9 55
	67 : 55 12
	68 : 8 56
	69 : 56 14
	70 : 10 57
	71 : 57 12
	72 : 10 58
	73 : 58 15
	74 : 11 59
	75 : 59 14
	76 : 11 60
	77 : 60 13
	78 : 9 61
	79 : 61 15
	80 : 12 62
	81 : 62 16
	82 : 13 63
	83 : 63 17
	84 : 14 64
	85 : 64 18
	86 : 15 65
	87 : 65 19
	88 : 16 66
	89 : 66 17
	90 : 16 67
	91 : 67 18
	92 : 18 68
	93 : 68 19
	94 : 19 69
	95 : 69 17
	96 : 12 70
	97 : 70 17
	98 : 13 71
	99 : 71 16
	100 : 12 72
	101 : 72 18
	102 : 14 73
	103 : 73 16
	104 : 14 74
	105 : 74 19
	106 : 15 75
	107 : 75 18
	108 : 15 76
	109 : 76 17
	110 : 13 77
	111 : 77 19
	112 : 16 78
	113 : 78 20
	114 : 17 79
	115 : 79 20
	116 : 18 80
	117 : 80 20
	118 : 19 81
	119 : 81 20
	120 : 20 82
	121 : 82 21
