Number of nodes 267 :
	0 : 0.0 0.0 0.0
	1 : 5000.0 0.0 0.0
	2 : 0.0 5000.0 0.0
	3 : 5000.0 5000.0 0.0
	4 : 52.40777928 52.40777928 1000.0
	5 : 4947.59222072 52.40777928 1000.0
	6 : 52.4 4947.59222072 1000.0
	7 : 4947.59222072 4947.59222072 1000.0
	8 : 471.6700135 471.6700135 9000.0
	9 : 4528.3299865 471.6700135 9000.0
	10 : 471.6700135 4528.3299865 9000.0
	11 : 4528.3299865 4528.3299865 9000.0
	12 : 890.9322478 890.9322478 17000.0
	13 : 4109.0677522 890.9322478 17000.0
	14 : 890.9322478 4109.0677522 17000.0
	15 : 4109.0677522 4109.0677522 17000.0
	16 : 1310.194482 1310.194482 25000.0
	17 : 3689.805518 1310.194482 25000.0
	18 : 1310.194482 3689.805518 25000.0
	19 : 3689.805518 3689.805518 25000.0
	20 : 2500.0 2500.0 25000.0
	21 : 2500.0 2500.0 80000.0
	22 : 8.73462988 8.73462988 166.66666666666666
	23 : 17.46925976 17.46925976 333.3333333333333
	24 : 26.20388964 26.20388964 500.0
	25 : 34.93851952 34.93851952 666.6666666666666
	26 : 43.6731494 43.6731494 833.3333333333334
	27 : 4991.26537012 8.73462988 166.66666666666666
	28 : 4982.53074024 17.46925976 333.3333333333333
	29 : 4973.79611036 26.20388964 500.0
	30 : 4965.06148048 34.93851952 666.6666666666666
	31 : 4956.3268506 43.6731494 833.3333333333334
	32 : 8.733333333333333 4991.26537012 166.66666666666666
	33 : 17.466666666666665 4982.53074024 333.3333333333333
	34 : 26.2 4973.79611036 500.0
	35 : 34.93333333333333 4965.06148048 666.6666666666666
	36 : 43.666666666666664 4956.3268506 833.3333333333334
	37 : 4991.26537012 4991.26537012 166.66666666666666
	38 : 4982.53074024 4982.53074024 333.3333333333333
	39 : 4973.79611036 4973.79611036 500.0
	40 : 4965.06148048 4965.06148048 666.6666666666666
	41 : 4956.3268506 4956.3268506 833.3333333333334
	42 : 868.2718528533334 52.40777928 1000.0
	43 : 1684.1359264266666 52.40777928 1000.0
	44 : 2500.0 52.40777928 1000.0
	45 : 3315.8640735733334 52.40777928 1000.0
	46 : 4131.728147146667 52.40777928 1000.0
	47 : 52.406482733333334 868.2718528533334 1000.0
	48 : 52.40518618666667 1684.1359264266666 1000.0
	49 : 52.40388964 2500.0 1000.0
	50 : 52.40259309333333 3315.8640735733334 1000.0
	51 : 52.401296546666664 4131.728147146667 1000.0
	52 : 868.2653701200001 4947.59222072 1000.0
	53 : 1684.1307402400003 4947.59222072 1000.0
	54 : 2499.9961103600003 4947.59222072 1000.0
	55 : 3315.8614804800004 4947.59222072 1000.0
	56 : 4131.7268506 4947.59222072 1000.0
	57 : 4947.59222072 4131.728147146667 1000.0
	58 : 4947.59222072 3315.8640735733334 1000.0
	59 : 4947.59222072 2500.0 1000.0
	60 : 4947.59222072 1684.1359264266666 1000.0
	61 : 4947.59222072 868.2718528533333 1000.0
	62 : 122.28481831666666 122.28481831666666 2333.333333333333
	63 : 192.16185735333332 192.16185735333332 3666.6666666666665
	64 : 262.03889639 262.03889639 5000.0
	65 : 331.91593542666664 331.91593542666664 6333.333333333333
	66 : 401.79297446333334 401.79297446333334 7666.666666666667
	67 : 4877.715181683334 122.28481831666666 2333.333333333333
	68 : 4807.838142646667 192.16185735333332 3666.6666666666665
	69 : 4737.96110361 262.03889639 5000.0
	70 : 4668.084064573333 331.91593542666664 6333.333333333333
	71 : 4598.207025536667 401.79297446333334 7666.666666666667
	72 : 122.27833558333333 4877.715181683334 2333.333333333333
	73 : 192.15667116666668 4807.838142646667 3666.6666666666665
	74 : 262.03500675 4737.96110361 5000.0
	75 : 331.91334233333333 4668.084064573333 6333.333333333333
	76 : 401.79167791666663 4598.207025536667 7666.666666666667
	77 : 4877.715181683334 4877.715181683334 2333.333333333333
	78 : 4807.838142646667 4807.838142646667 3666.6666666666665
	79 : 4737.96110361 4737.96110361 5000.0
	80 : 4668.084064573333 4668.084064573333 6333.333333333333
	81 : 4598.207025536667 4598.207025536667 7666.666666666667
	82 : 1147.780009 471.6700135 9000.0
	83 : 1823.8900045 471.6700135 9000.0
	84 : 2500.0 471.6700135 9000.0
	85 : 3176.1099955 471.6700135 9000.0
	86 : 3852.2199910000004 471.6700135 9000.0
	87 : 471.6700135 1147.780009 9000.0
	88 : 471.6700135 1823.8900045 9000.0
	89 : 471.6700135 2500.0 9000.0
	90 : 471.6700135 3176.1099955 9000.0
	91 : 471.6700135 3852.2199910000004 9000.0
	92 : 1147.780009 4528.3299865 9000.0
	93 : 1823.8900045 4528.3299865 9000.0
	94 : 2500.0 4528.3299865 9000.0
	95 : 3176.1099955 4528.3299865 9000.0
	96 : 3852.2199910000004 4528.3299865 9000.0
	97 : 4528.3299865 3852.219991 9000.0
	98 : 4528.3299865 3176.1099955 9000.0
	99 : 4528.3299865 2500.0 9000.0
	100 : 4528.3299865 1823.8900045 9000.0
	101 : 4528.3299865 1147.7800089999996 9000.0
	102 : 122.27833558333333 4201.605186183333 2333.333333333333
	103 : 192.15667116666668 3455.618151646667 3666.6666666666665
	104 : 262.03500675 2709.63111711 5000.0
	105 : 331.91334233333333 1963.6440825733334 6333.333333333333
	106 : 401.79167791666663 1217.6570480366668 7666.666666666667
	107 : 798.3883310833334 4877.715181683334 2333.333333333333
	108 : 1544.3766621666668 4807.838142646667 3666.6666666666665
	109 : 2290.36499325 4737.96110361 5000.0
	110 : 3036.3533243333336 4668.084064573333 6333.333333333333
	111 : 3782.341655416667 4598.207025536667 7666.666666666667
	112 : 4201.605186183333 122.28481831666666 2333.333333333333
	113 : 3455.618151646667 192.16185735333332 3666.6666666666665
	114 : 2709.63111711 262.03889639 5000.0
	115 : 1963.6440825733334 331.91593542666664 6333.333333333333
	116 : 1217.6570480366668 401.79297446333334 7666.666666666667
	117 : 4877.715181683334 798.3948138166667 2333.333333333333
	118 : 4807.838142646667 1544.3818483533332 3666.6666666666665
	119 : 4737.96110361 2290.36888289 5000.0
	120 : 4668.084064573333 3036.3559174266666 6333.333333333333
	121 : 4598.207025536667 3782.3429519633332 7666.666666666667
	122 : 541.54705255 541.54705255 10333.333333333334
	123 : 611.4240916 611.4240916 11666.666666666666
	124 : 681.30113065 681.30113065 13000.0
	125 : 751.1781697 751.1781697 14333.333333333332
	126 : 821.05520875 821.05520875 15666.666666666668
	127 : 4458.45294745 541.54705255 10333.333333333334
	128 : 4388.5759084 611.4240916 11666.666666666666
	129 : 4318.69886935 681.30113065 13000.0
	130 : 4248.821830299999 751.1781697 14333.333333333332
	131 : 4178.94479125 821.05520875 15666.666666666668
	132 : 541.54705255 4458.45294745 10333.333333333334
	133 : 611.4240916 4388.5759084 11666.666666666666
	134 : 681.30113065 4318.69886935 13000.0
	135 : 751.1781697 4248.821830299999 14333.333333333332
	136 : 821.05520875 4178.94479125 15666.666666666668
	137 : 4458.45294745 4458.45294745 10333.333333333334
	138 : 4388.5759084 4388.5759084 11666.666666666666
	139 : 4318.69886935 4318.69886935 13000.0
	140 : 4248.821830299999 4248.821830299999 14333.333333333332
	141 : 4178.94479125 4178.94479125 15666.666666666668
	142 : 1427.2881652 890.9322478 17000.0
	143 : 1963.6440825999998 890.9322478 17000.0
	144 : 2500.0 890.9322478 17000.0
	145 : 3036.3559173999997 890.9322478 17000.0
	146 : 3572.7118347999995 890.9322478 17000.0
	147 : 890.9322478 1427.2881652 17000.0
	148 : 890.9322478 1963.6440825999998 17000.0
	149 : 890.9322478 2500.0 17000.0
	150 : 890.9322478 3036.3559173999997 17000.0
	151 : 890.9322478 3572.7118347999995 17000.0
	152 : 1427.2881652 4109.0677522 17000.0
	153 : 1963.6440825999998 4109.0677522 17000.0
	154 : 2500.0 4109.0677522 17000.0
	155 : 3036.3559173999997 4109.0677522 17000.0
	156 : 3572.7118347999995 4109.0677522 17000.0
	157 : 4109.0677522 3572.7118347999995 17000.0
	158 : 4109.0677522 3036.3559173999997 17000.0
	159 : 4109.0677522 2500.0 17000.0
	160 : 4109.0677522 1963.6440825999998 17000.0
	161 : 4109.0677522 1427.2881652 17000.0
	162 : 1077.90296995 541.54705255 10333.333333333334
	163 : 1684.1359263999998 611.4240916 11666.666666666666
	164 : 2290.36888285 681.30113065 13000.0
	165 : 2896.6018393 751.1781697 14333.333333333332
	166 : 3502.8347957499996 821.05520875 15666.666666666668
	167 : 541.54705255 1077.90296995 10333.333333333334
	168 : 611.4240916 1684.1359263999998 11666.666666666666
	169 : 681.30113065 2290.36888285 13000.0
	170 : 751.1781697 2896.6018393 14333.333333333332
	171 : 821.05520875 3502.8347957499996 15666.666666666668
	172 : 3922.09703005 4458.45294745 10333.333333333334
	173 : 3315.8640735999998 4388.5759084 11666.666666666666
	174 : 2709.63111715 4318.69886935 13000.0
	175 : 2103.3981607 4248.821830299999 14333.333333333332
	176 : 1497.16520425 4178.94479125 15666.666666666668
	177 : 4458.45294745 3922.09703005 10333.333333333334
	178 : 4388.5759084 3315.8640735999998 11666.666666666666
	179 : 4318.69886935 2709.63111715 13000.0
	180 : 4248.821830299999 2103.3981607 14333.333333333332
	181 : 4178.94479125 1497.16520425 15666.666666666668
	182 : 960.8092868333333 960.8092868333333 18333.333333333332
	183 : 1030.6863258666667 1030.6863258666667 19666.666666666668
	184 : 1100.5633649000001 1100.5633649000001 21000.0
	185 : 1170.4404039333335 1170.4404039333335 22333.333333333332
	186 : 1240.3174429666667 1240.3174429666667 23666.666666666668
	187 : 4039.1907131666662 960.8092868333333 18333.333333333332
	188 : 3969.3136741333333 1030.6863258666667 19666.666666666668
	189 : 3899.4366351 1100.5633649000001 21000.0
	190 : 3829.5595960666665 1170.4404039333335 22333.333333333332
	191 : 3759.6825570333335 1240.3174429666667 23666.666666666668
	192 : 960.8092868333333 4039.1907131666662 18333.333333333332
	193 : 1030.6863258666667 3969.3136741333333 19666.666666666668
	194 : 1100.5633649000001 3899.4366351 21000.0
	195 : 1170.4404039333335 3829.5595960666665 22333.333333333332
	196 : 1240.3174429666667 3759.6825570333335 23666.666666666668
	197 : 4039.1907131666662 4039.1907131666662 18333.333333333332
	198 : 3969.3136741333333 3969.3136741333333 19666.666666666668
	199 : 3899.4366351 3899.4366351 21000.0
	200 : 3829.5595960666665 3829.5595960666665 22333.333333333332
	201 : 3759.6825570333335 3759.6825570333335 23666.666666666668
	202 : 1706.7963213333335 1310.194482 25000.0
	203 : 2103.3981606666666 1310.194482 25000.0
	204 : 2500.0 1310.194482 25000.0
	205 : 2896.6018393333334 1310.194482 25000.0
	206 : 3293.2036786666667 1310.194482 25000.0
	207 : 1310.194482 1706.7963213333335 25000.0
	208 : 1310.194482 2103.3981606666666 25000.0
	209 : 1310.194482 2500.0 25000.0
	210 : 1310.194482 2896.6018393333334 25000.0
	211 : 1310.194482 3293.2036786666667 25000.0
	212 : 1706.7963213333335 3689.805518 25000.0
	213 : 2103.3981606666666 3689.805518 25000.0
	214 : 2500.0 3689.805518 25000.0
	215 : 2896.6018393333334 3689.805518 25000.0
	216 : 3293.2036786666667 3689.805518 25000.0
	217 : 3689.805518 3293.2036786666667 25000.0
	218 : 3689.805518 2896.6018393333334 25000.0
	219 : 3689.805518 2500.0 25000.0
	220 : 3689.805518 2103.3981606666666 25000.0
	221 : 3689.805518 1706.7963213333333 25000.0
	222 : 3642.588873833333 960.8092868333333 18333.333333333332
	223 : 3176.1099954666665 1030.6863258666667 19666.666666666668
	224 : 2709.6311170999998 1100.5633649000001 21000.0
	225 : 2243.1522387333334 1170.4404039333335 22333.333333333332
	226 : 1776.6733603666667 1240.3174429666667 23666.666666666668
	227 : 4039.1907131666662 1357.4111261666667 18333.333333333332
	228 : 3969.3136741333333 1823.8900045333335 19666.666666666668
	229 : 3899.4366351 2290.3688829000002 21000.0
	230 : 3829.5595960666665 2756.847761266667 22333.333333333332
	231 : 3759.6825570333335 3223.3266396333333 23666.666666666668
	232 : 960.8092868333333 3642.588873833333 18333.333333333332
	233 : 1030.6863258666667 3176.1099954666665 19666.666666666668
	234 : 1100.5633649000001 2709.6311170999998 21000.0
	235 : 1170.4404039333335 2243.1522387333334 22333.333333333332
	236 : 1240.3174429666667 1776.6733603666667 23666.666666666668
	237 : 1357.4111261666667 4039.1907131666662 18333.333333333332
	238 : 1823.8900045333335 3969.3136741333333 19666.666666666668
	239 : 2290.3688829000002 3899.4366351 21000.0
	240 : 2756.847761266667 3829.5595960666665 22333.333333333332
	241 : 3223.3266396333333 3759.6825570333335 23666.666666666668
	242 : 1508.4954016666668 1508.4954016666668 25000.0
	243 : 1706.7963213333335 1706.7963213333335 25000.0
	244 : 1905.097241 1905.097241 25000.0
	245 : 2103.3981606666666 2103.3981606666666 25000.0
	246 : 2301.6990803333333 2301.6990803333333 25000.0
	247 : 3491.5045983333334 1508.4954016666668 25000.0
	248 : 3293.2036786666667 1706.7963213333335 25000.0
	249 : 3094.902759 1905.097241 25000.0
	250 : 2896.6018393333334 2103.3981606666666 25000.0
	251 : 2698.3009196666667 2301.6990803333333 25000.0
	252 : 1508.4954016666668 3491.5045983333334 25000.0
	253 : 1706.7963213333335 3293.2036786666667 25000.0
	254 : 1905.097241 3094.902759 25000.0
	255 : 2103.3981606666666 2896.6018393333334 25000.0
	256 : 2301.6990803333333 2698.3009196666667 25000.0
	257 : 3491.5045983333334 3491.5045983333334 25000.0
	258 : 3293.2036786666667 3293.2036786666667 25000.0
	259 : 3094.902759 3094.902759 25000.0
	260 : 2896.6018393333334 2896.6018393333334 25000.0
	261 : 2698.3009196666667 2698.3009196666667 25000.0
	262 : 2500.0 2500.0 34166.666666666664
	263 : 2500.0 2500.0 43333.33333333333
	264 : 2500.0 2500.0 52500.0
	265 : 2500.0 2500.0 61666.666666666664
	266 : 2500.0 2500.0 70833.33333333334
Number of elements :
	0 : 0 22
	1 : 22 23
	2 : 23 24
	3 : 24 25
	4 : 25 26
	5 : 26 4
	6 : 1 27
	7 : 27 28
	8 : 28 29
	9 : 29 30
	10 : 30 31
	11 : 31 5
	12 : 2 32
	13 : 32 33
	14 : 33 34
	15 : 34 35
	16 : 35 36
	17 : 36 6
	18 : 3 37
	19 : 37 38
	20 : 38 39
	21 : 39 40
	22 : 40 41
	23 : 41 7
	24 : 4 42
	25 : 42 43
	26 : 43 44
	27 : 44 45
	28 : 45 46
	29 : 46 5
	30 : 4 47
	31 : 47 48
	32 : 48 49
	33 : 49 50
	34 : 50 51
	35 : 51 6
	36 : 6 52
	37 : 52 53
	38 : 53 54
	39 : 54 55
	40 : 55 56
	41 : 56 7
	42 : 7 57
	43 : 57 58
	44 : 58 59
	45 : 59 60
	46 : 60 61
	47 : 61 5
	48 : 4 62
	49 : 62 63
	50 : 63 64
	51 : 64 65
	52 : 65 66
	53 : 66 8
	54 : 5 67
	55 : 67 68
	56 : 68 69
	57 : 69 70
	58 : 70 71
	59 : 71 9
	60 : 6 72
	61 : 72 73
	62 : 73 74
	63 : 74 75
	64 : 75 76
	65 : 76 10
	66 : 7 77
	67 : 77 78
	68 : 78 79
	69 : 79 80
	70 : 80 81
	71 : 81 11
	72 : 8 82
	73 : 82 83
	74 : 83 84
	75 : 84 85
	76 : 85 86
	77 : 86 9
	78 : 8 87
	79 : 87 88
	80 : 88 89
	81 : 89 90
	82 : 90 91
	83 : 91 10
	84 : 10 92
	85 : 92 93
	86 : 93 94
	87 : 94 95
	88 : 95 96
	89 : 96 11
	90 : 11 97
	91 : 97 98
	92 : 98 99
	93 : 99 100
	94 : 100 101
	95 : 101 9
	96 : 6 102
	97 : 102 103
	98 : 103 104
	99 : 104 105
	100 : 105 106
	101 : 106 8
	102 : 6 107
	103 : 107 108
	104 : 108 109
	105 : 109 110
	106 : 110 111
	107 : 111 11
	108 : 5 112
	109 : 112 113
	110 : 113 114
	111 : 114 115
	112 : 115 116
	113 : 116 8
	114 : 5 117
	115 : 117 118
	116 : 118 119
	117 : 119 120
	118 : 120 121
	119 : 121 11
	120 : 8 122
	121 : 122 123
	122 : 123 124
	123 : 124 125
	124 : 125 126
	125 : 126 12
	126 : 9 127
	127 : 127 128
	128 : 128 129
	129 : 129 130
	130 : 130 131
	131 : 131 13
	132 : 10 132
	133 : 132 133
	134 : 133 134
	135 : 134 135
	136 : 135 136
	137 : 136 14
	138 : 11 137
	139 : 137 138
	140 : 138 139
	141 : 139 140
	142 : 140 141
	143 : 141 15
	144 : 12 142
	145 : 142 143
	146 : 143 144
	147 : 144 145
	148 : 145 146
	149 : 146 13
	150 : 12 147
	151 : 147 148
	152 : 148 149
	153 : 149 150
	154 : 150 151
	155 : 151 14
	156 : 14 152
	157 : 152 153
	158 : 153 154
	159 : 154 155
	160 : 155 156
	161 : 156 15
	162 : 15 157
	163 : 157 158
	164 : 158 159
	165 : 159 160
	166 : 160 161
	167 : 161 13
	168 : 8 162
	169 : 162 163
	170 : 163 164
	171 : 164 165
	172 : 165 166
	173 : 166 13
	174 : 8 167
	175 : 167 168
	176 : 168 169
	177 : 169 170
	178 : 170 171
	179 : 171 14
	180 : 11 172
	181 : 172 173
	182 : 173 174
	183 : 174 175
	184 : 175 176
	185 : 176 14
	186 : 11 177
	187 : 177 178
	188 : 178 179
	189 : 179 180
	190 : 180 181
	191 : 181 13
	192 : 12 182
	193 : 182 183
	194 : 183 184
	195 : 184 185
	196 : 185 186
	197 : 186 16
	198 : 13 187
	199 : 187 188
	200 : 188 189
	201 : 189 190
	202 : 190 191
	203 : 191 17
	204 : 14 192
	205 : 192 193
	206 : 193 194
	207 : 194 195
	208 : 195 196
	209 : 196 18
	210 : 15 197
	211 : 197 198
	212 : 198 199
	213 : 199 200
	214 : 200 201
	215 : 201 19
	216 : 16 202
	217 : 202 203
	218 : 203 204
	219 : 204 205
	220 : 205 206
	221 : 206 17
	222 : 16 207
	223 : 207 208
	224 : 208 209
	225 : 209 210
	226 : 210 211
	227 : 211 18
	228 : 18 212
	229 : 212 213
	230 : 213 214
	231 : 214 215
	232 : 215 216
	233 : 216 19
	234 : 19 217
	235 : 217 218
	236 : 218 219
	237 : 219 220
	238 : 220 221
	239 : 221 17
	240 : 13 222
	241 : 222 223
	242 : 223 224
	243 : 224 225
	244 : 225 226
	245 : 226 16
	246 : 13 227
	247 : 227 228
	248 : 228 229
	249 : 229 230
	250 : 230 231
	251 : 231 19
	252 : 14 232
	253 : 232 233
	254 : 233 234
	255 : 234 235
	256 : 235 236
	257 : 236 16
	258 : 14 237
	259 : 237 238
	260 : 238 239
	261 : 239 240
	262 : 240 241
	263 : 241 19
	264 : 16 242
	265 : 242 243
	266 : 243 244
	267 : 244 245
	268 : 245 246
	269 : 246 20
	270 : 17 247
	271 : 247 248
	272 : 248 249
	273 : 249 250
	274 : 250 251
	275 : 251 20
	276 : 18 252
	277 : 252 253
	278 : 253 254
	279 : 254 255
	280 : 255 256
	281 : 256 20
	282 : 19 257
	283 : 257 258
	284 : 258 259
	285 : 259 260
	286 : 260 261
	287 : 261 20
	288 : 20 262
	289 : 262 263
	290 : 263 264
	291 : 264 265
	292 : 265 266
	293 : 266 21
